
videoDevicePath: "/dev/video6"
width:          640
height:         480
brightness:     0
contrast:       50
saturation:     255
hue:            130
flipped_camera: False

mtx:  [[592.156892, 0.000000, 326.689246], [0.000000, 584.923917, 282.822026], [0.000000, 0.000000, 1.000000]]
dist: [-0.585868, 0.248490, -0.023236, -0.002907, 0.000000]

reference_velocity: 0.3
numMovingAveragePoints: 5
furthest_distance: 0.45
camera_offset_distance: 0.2

loop_rate:                   30
colorFilter:                 True 
overlayPointsOnColoredImage: True
kernel_size:                 11

lower_red: [90,0,0]
upper_red: [255,140,50]

lower_white: [80,80,80]
upper_white: [256,256,256]

boxsize: 10
numStepsToLookAhead: 7
converge_limit: 100

bMatrix:                    [-95.2381, 235.5102, -196.2803, 54.7536]
f1Matrix:                   [-27.1373, -9.5490, -18.5173, 0.2338]
f2Matrix:                   [-3.6964e+03, 1.19154e+04, -1.3489e+04, 5.7785e+03]
xInertial_to_yPixel_Matrix: [1.0833e+03, -2.9414e+03, 2.8129e+03, -761.1926]
yPixel_to_xInertial_Matrix: [1.6228e-07, -3.9037e-05, 0.0051, 0.3174]
